0.190367
1.190367
2.190367
3.190367
4.190367
5.190367
6.190367
7.190367
8.190400
9.190400
10.190400
11.190400
12.190400
13.190400
14.190400
15.190400
16.190400
17.190400
18.190400
19.190400
20.190400
21.190400
22.190400
23.190400
24.190400
25.190433
26.190433
27.190433
28.190433
29.190433
30.190433
31.190433
32.190433
33.190433
34.190433
35.190433
36.190433
37.190433
38.190433
39.190433
40.190433
41.190433
42.190433
43.190433
44.190467
45.190467
46.190467
47.190467
48.190467
49.190467
50.190467
51.190467
52.190467
53.190467
54.190467
55.190467
56.190467
57.190467
58.190467
59.190467
60.190467
61.190467
62.190467
63.190467
64.190467
65.190467
66.190467
67.190467
68.190467
69.190467
70.190467
71.190467
72.190500
73.190500
74.190500
75.190500
76.190500
77.190500
78.190500
79.190500
80.190500
81.190500
82.190500
83.190500
84.190500
85.190500
86.190500
87.190500
88.190500
89.190500
90.190500
91.190500
92.190500
93.190500
94.190500
95.190500
96.190500
97.190500
98.190500
99.190533
100.190533
101.190533
102.190533
103.190533
104.190533
105.190533
106.190533
107.190533
108.190533
109.190533
110.190533
111.190533
112.190533
113.190533
114.190533
115.190533
116.190533
117.190533
118.190533
119.190533
120.190533
121.190533
122.190533
123.190533
124.190533
125.190533
126.190533
127.190567
128.190567
129.190567
130.190567
131.190567
132.190567
133.190567
134.190567
135.190567
136.190567
137.190567
138.190567
139.190567
140.190567
141.190567
142.190567
143.190567
144.190567
145.190567
146.190567
147.190567
148.190567
149.190567
150.190567
151.190567
152.190567
153.190567
154.190567
155.190600
156.190600
157.190600
158.190600
159.190600
160.190600
161.190600
162.190600
163.190600
164.190600
165.190600
166.190600
167.190600
168.190600
169.190600
170.190600
171.190600
172.190600
173.190600
174.190600
175.190600
176.190600
177.190600
178.190600
179.190600
180.190600
181.190600
182.190600
183.190600
184.190633
185.190633
186.190633
187.190633
188.190633
189.190633
190.190633
191.190633
192.190633
193.190633
194.190633
195.190633
196.190633
197.190633
198.190633
199.190633
200.190633
201.190633
202.190633
203.190633
204.190633
205.190633
206.190633
207.190633
208.190667
209.190667
210.190667
211.190667
212.190667
213.190667
214.190667
215.190667
216.190667
217.190667
218.190667
219.190667
220.190667
221.190667
222.190667
223.190667
224.190667
225.190667
226.190667
227.190667
228.190667
229.190667
230.190667
231.190667
232.190667
233.190667
234.190667
235.190667
236.190667
237.190667
238.190667
239.190667
240.190700
241.190700
242.190700
243.190700
244.190700
245.190700
246.190700
247.190700
248.190700
249.190700
250.190700
251.190700
252.190700
253.190700
254.190700
255.190700
256.190700
257.190700
258.190700
259.190700
260.190700
261.190700
262.190700
263.190700
264.190700
265.190700
266.190700
267.190700
268.190700
269.190700
270.190700
271.190700
272.190700
273.190700
274.190700
275.190700
276.190700
277.190700
278.190733
279.190733
280.190733
281.190733
282.190733
283.190733
284.190733
285.190733
286.190733
287.190733
288.190733
289.190733
290.190733
291.190733
292.190733
293.190733
294.190733
295.190733
296.190733
297.190733
298.190733
299.190733
300.190733
301.190733
302.190733
303.190733
304.190733
305.190733
306.190733
307.190733
308.190733
309.190733
310.190733
311.190733
312.190733
313.190733
314.190767
315.190767
316.190767
317.190767
318.190767
319.190767
320.190767
321.190767
322.190767
323.190767
324.190767
325.190767
326.190767
327.190767
328.190767
329.190767
330.190767
331.190767
332.190767
333.190767
334.190767
335.190767
336.190767
337.190767
338.190767
339.190767
340.190767
341.190767
342.190767
343.190767
344.190800
345.190800
346.190800
347.190800
348.190800
349.190800
350.190800
351.190800
352.190800
353.190800
354.190800
355.190800
356.190800
357.190800
358.190800
359.190800
360.190800
361.190800
362.190800
363.190800
364.190800
365.190800
366.190800
367.190800
368.190800
369.190800
370.190800
371.190800
372.190800
373.190800
374.190800
375.190800
376.190800
377.190800
378.190800
379.190800
380.190833
381.190833
382.190833
383.190833
384.190833
385.190833
386.190833
387.190833
388.190833
389.190833
390.190833
391.190833
392.190833
393.190833
394.190833
395.190833
396.190833
397.190833
398.190833
399.190833
400.190833
401.190833
402.190833
403.190833
404.190833
405.190833
406.190833
407.190833
408.190833
409.190833
410.190833
411.190833
412.190833
413.190833
414.190833
415.190833
416.190867
417.190867
418.190867
419.190867
420.190867
421.190867
422.190867
423.190867
424.190867
425.190867
426.190867
427.190867
428.190867
429.190867
430.190867
431.190867
432.190867
433.190867
434.190867
435.190867
436.190867
437.190867
438.190867
439.190867
440.190867
441.190867
442.190867
443.190867
444.190867
445.190867
446.190867
447.190867
448.190867
449.190867
450.190900
451.190900
452.190900
453.190900
454.190900
455.190900
456.190900
457.190900
458.190900
459.190900
460.190900
461.190900
462.190900
463.190900
464.190900
465.190900
466.190900
467.190900
468.190900
469.190900
470.190900
471.190900
472.190900
473.190900
474.190900
475.190900
476.190933
477.190933
478.190933
479.190933
480.190933
481.190933
482.190933
483.190933
484.190933
485.190933
486.190933
487.190933
488.190933
489.190933
490.190933
491.190933
492.190933
493.190933
494.190933
495.190933
496.190933
497.190933
498.190933
499.190933
500.190933
501.190933
502.190933
503.190933
504.190933
505.190933
506.190933
507.190933
508.190933
509.190933
510.190933
511.190933
512.190933
513.190933
514.190967
515.190967
516.190967
517.190967
518.190967
519.190967
520.190967
521.190967
522.190967
523.190967
524.190967
525.190967
526.190967
527.190967
528.190967
529.190967
530.190967
531.190967
532.190967
533.190967
534.190967
535.190967
536.190967
537.190967
538.190967
539.190967
540.190967
541.190967
542.190967
543.190967
544.190967
545.190967
546.190967
547.190967
548.190967
549.190967
550.190967
551.190967
552.190967
553.190967
554.191000
555.191000
556.191000
557.191000
558.191000
559.191000
560.191000
561.191000
562.191000
563.191000
564.191000
565.191000
566.191000
567.191000
568.191000
569.191000
570.191000
571.191000
572.191000
573.191000
574.191000
575.191000
576.191000
577.191000
578.191000
579.191000
580.191000
581.191000
582.191000
583.191000
584.191000
585.191033
586.191033
587.191033
588.191033
589.191033
590.191033
591.191033
592.191033
593.191033
594.191033
595.191033
596.191033
597.191033
598.191033
599.191033
600.191033
601.191033
602.191033
603.191033
604.191033
605.191033
606.191033
607.191033
608.191033
609.191033
610.191067
611.191067
612.191067
613.191067
614.191067
615.191067
616.191067
617.191067
618.191067
619.191067
620.191067
621.191067
622.191067
623.191067
624.191067
625.191067
626.191067
627.191067
628.191067
629.191067
630.191067
631.191067
632.191067
633.191067
634.191067
635.191067
636.191067
637.191067
638.191067
639.191067
640.191067
641.191067
642.191067
643.191067
644.191067
645.191067
646.191067
647.191067
648.191067
649.191100
650.191100
651.191100
652.191100
653.191100
654.191100
655.191100
656.191100
657.191100
658.191100
659.191100
660.191100
661.191100
662.191100
663.191100
664.191100
665.191100
666.191100
667.191100
668.191100
669.191100
670.191100
671.191100
672.191100
673.191100
674.191100
675.191133
676.191133
677.191133
678.191133
679.191133
680.191133
681.191133
682.191133
683.191133
684.191133
685.191133
686.191133
687.191133
688.191133
689.191133
690.191133
691.191133
692.191133
693.191133
694.191133
695.191133
696.191133
697.191133
698.191133
699.191133
700.191133
701.191133
702.191133
703.191133
704.191133
705.191133
706.191133
707.191133
708.191133
709.191133
710.191133
711.191133
712.191167
713.191167
714.191167
715.191167
716.191167
717.191167
718.191167
719.191167
720.191167
721.191167
722.191167
723.191167
724.191167
725.191167
726.191167
727.191167
728.191167
729.191167
730.191167
731.191167
732.191167
733.191167
734.191167
735.191167
736.191167
737.191167
738.191167
739.191167
740.191167
741.191167
742.191167
743.191167
744.191167
745.191167
746.191167
747.191200
748.191200
749.191200
750.191200
751.191200
752.191200
753.191200
754.191200
755.191200
756.191200
757.191200
758.191200
759.191200
760.191200
761.191200
762.191200
763.191200
764.191200
765.191200
766.191200
767.191200
768.191200
769.191200
770.191200
771.191200
772.191200
773.191200
774.191200
775.191200
776.191200
777.191200
778.191200
779.191200
780.191200
781.191200
782.191200
783.191200
784.191200
785.191200
786.191200
787.191200
788.191200
789.191200
790.191200
791.191200
792.191200
793.191200
794.191200
795.191200
796.191200
797.191200
798.191200
799.191200
800.191200
801.191200
802.191200
803.191200
804.191200
805.191200
806.191200
807.191200
808.191200
809.191200
810.191200
811.191200
812.191200
813.191233
814.191233
815.191233
816.191233
817.191233
818.191233
819.191233
820.191233
821.191233
822.191233
823.191233
824.191233
825.191233
826.191233
827.191233
828.191233
829.191233
830.191233
831.191233
832.191233
833.191233
834.191233
835.191233
836.191233
837.191233
838.191233
839.191233
840.191233
841.191233
842.191233
843.191233
844.191233
845.191233
846.191233
847.191233
848.191233
849.191233
850.191233
851.191233
852.191233
853.191233
854.191233
855.191233
856.191233
857.191233
858.191233
859.191233
860.191233
861.191233
862.191233
863.191233
864.191233
865.191233
866.191233
867.191233
868.191233
869.191233
870.191233
871.191233
872.191233
873.191233
874.191233
875.191233
876.191233
877.191233
878.191233
879.191233
880.191233
881.191233
882.191233
883.191233
884.191267
885.191267
886.191267
887.191267
888.191267
889.191267
890.191267
891.191267
892.191267
893.191267
894.191267
895.191267
896.191267
897.191267
898.191267
899.191267
900.191267
901.191267
902.191267
903.191267
904.191267
905.191267
906.191267
907.191267
908.191267
909.191267
910.191267
911.191267
912.191267
913.191267
914.191267
915.191267
916.191267
917.191267
918.191267
919.191267
920.191267
921.191267
922.191267
923.191267
924.191267
925.191267
926.191267
927.191267
928.191267
929.191267
930.191267
931.191267
932.191267
933.191267
934.191267
935.191267
936.191267
937.191267
938.191267
939.191267
940.191300
941.191300
942.191300
943.191300
944.191300
945.191300
946.191300
947.191300
948.191300
949.191300
950.191300
951.191300
952.191300
953.191300
954.191300
955.191300
956.191300
957.191300
958.191300
959.191300
960.191300
961.191300
962.191300
963.191300
964.191300
965.191300
966.191300
967.191300
968.191300
969.191300
970.191300
971.191300
972.191300
973.191300
974.191300
975.191300
976.191300
977.191300
978.191300
979.191300
980.191300
981.191300
982.191333
983.191333
984.191333
985.191333
986.191333
987.191333
988.191333
989.191333
990.191333
991.191333
992.191333
993.191333
994.191333
995.191333
996.191333
997.191333
998.191333
999.191333
1000.191333
1001.191333
1002.191333
1003.191333
1004.191333
1005.191333
1006.191333
1007.191333
1008.191333
1009.191333
1010.191333
1011.191333
1012.191333
1013.191333
1014.191333
1015.191333
1016.191333
1017.191333
1018.191333
1019.191367
1020.191367
1021.191367
1022.191367
1023.191367
1024.191367
1025.191367
1026.191367
1027.191367
1028.191367
1029.191367
1030.191367
1031.191367
1032.191367
1033.191367
1034.191367
1035.191367
1036.191367
1037.191367
1038.191367
1039.191367
1040.191367
1041.191367
1042.191367
1043.191367
1044.191367
1045.191367
1046.191367
1047.191367
1048.191367
1049.191367
1050.191367
1051.191367
1052.191367
1053.191367
1054.191367
1055.191367
1056.191367
1057.191367
1058.191367
1059.191367
1060.191367
1061.191400
1062.191400
1063.191400
1064.191400
1065.191400
1066.191400
1067.191400
1068.191400
1069.191400
1070.191400
1071.191400
1072.191400
1073.191400
1074.191400
1075.191400
1076.191400
1077.191400
1078.191400
1079.191400
1080.191400
1081.191400
1082.191400
1083.191400
1084.191400
1085.191400
1086.191400
1087.191400
1088.191400
1089.191400
1090.191400
1091.191400
1092.191400
1093.191400
1094.191400
1095.191400
1096.191400
1097.191400
1098.191400
1099.191400
1100.191433
1101.191433
1102.191433
1103.191433
1104.191433
1105.191433
1106.191433
1107.191433
1108.191433
1109.191433
1110.191433
1111.191433
1112.191433
1113.191433
1114.191433
1115.191433
1116.191433
1117.191433
1118.191433
1119.191433
1120.191433
1121.191433
1122.191433
1123.191433
1124.191433
1125.191433
1126.191433
1127.191433
1128.191433
1129.191433
1130.191433
1131.191433
1132.191433
1133.191433
1134.191433
1135.191433
1136.191433
1137.191433
1138.191433
1139.191433
1140.191433
1141.191433
1142.191433
1143.191433
1144.191433
1145.191433
1146.191433
1147.191433
1148.191467
1149.191467
1150.191467
1151.191467
1152.191467
1153.191467
1154.191467
1155.191467
1156.191467
1157.191467
1158.191467
1159.191467
1160.191467
1161.191467
1162.191467
1163.191467
1164.191467
1165.191467
1166.191467
1167.191467
1168.191467
1169.191467
1170.191467
1171.191467
1172.191467
1173.191467
1174.191467
1175.191467
1176.191467
1177.191467
1178.191467
1179.191467
1180.191467
1181.191467
1182.191467
1183.191467
1184.191467
1185.191467
1186.191467
1187.191467
1188.191467
1189.191467
1190.191467
1191.191467
1192.191467
1193.191467
1194.191467
1195.191500
1196.191500
1197.191500
1198.191500
1199.191500
1200.191500
1201.191500
1202.191500
1203.191500
1204.191500
1205.191500
1206.191500
1207.191500
1208.191500
1209.191500
1210.191500
1211.191500
1212.191500
1213.191500
1214.191500
1215.191500
1216.191500
1217.191500
1218.191500
1219.191500
1220.191500
1221.191500
1222.191500
1223.191500
1224.191500
1225.191500
1226.191500
1227.191500
1228.191500
1229.191500
1230.191500
1231.191500
1232.191533
1233.191533
1234.191533
1235.191533
1236.191533
1237.191533
1238.191533
1239.191533
1240.191533
1241.191533
1242.191533
1243.191533
1244.191533
1245.191533
1246.191533
1247.191533
1248.191533
1249.191533
1250.191533
1251.191533
1252.191533
1253.191533
1254.191533
1255.191533
1256.191533
1257.191533
1258.191533
1259.191533
1260.191533
1261.191567
1262.191567
1263.191567
1264.191567
1265.191567
1266.191567
1267.191567
1268.191567
1269.191567
1270.191567
1271.191567
1272.191567
1273.191567
1274.191567
1275.191567
1276.191567
1277.191567
1278.191567
1279.191567
1280.191567
1281.191567
1282.191567
1283.191567
1284.191567
1285.191567
1286.191567
1287.191567
1288.191567
1289.191567
1290.191567
1291.191567
1292.191567
1293.191567
1294.191567
1295.191567
1296.191567
1297.191600
1298.191600
1299.191600
1300.191600
1301.191600
1302.191600
1303.191600
1304.191600
1305.191600
1306.191600
1307.191600
1308.191600
1309.191600
1310.191600
1311.191600
1312.191600
1313.191600
1314.191600
1315.191600
1316.191600
1317.191600
1318.191600
1319.191600
1320.191600
1321.191600
1322.191600
1323.191600
1324.191600
1325.191600
1326.191600
1327.191600
1328.191600
1329.191600
1330.191600
1331.191600
1332.191600
1333.191600
1334.191633
1335.191633
1336.191633
1337.191633
1338.191633
1339.191633
1340.191633
1341.191633
1342.191633
1343.191633
1344.191633
1345.191633
1346.191633
1347.191633
1348.191633
1349.191633
1350.191633
1351.191633
1352.191633
1353.191633
1354.191633
1355.191633
1356.191633
1357.191633
1358.191633
1359.191633
1360.191633
1361.191633
1362.191633
1363.191633
1364.191633
1365.191633
1366.191667
1367.191667
1368.191667
1369.191667
1370.191667
1371.191667
1372.191667
1373.191667
1374.191667
1375.191667
1376.191667
1377.191667
1378.191667
1379.191667
1380.191667
1381.191667
1382.191667
1383.191667
1384.191667
1385.191667
1386.191667
1387.191667
1388.191667
1389.191667
1390.191667
1391.191667
1392.191667
1393.191667
1394.191667
1395.191700
1396.191700
1397.191700
1398.191700
1399.191700
1400.191700
1401.191700
1402.191700
1403.191700
1404.191700
1405.191700
1406.191700
1407.191700
1408.191700
1409.191700
1410.191700
1411.191700
1412.191700
1413.191700
1414.191700
1415.191700
1416.191700
1417.191700
1418.191700
1419.191700
1420.191700
1421.191700
1422.191700
1423.191700
1424.191700
1425.191700
1426.191700
1427.191733
1428.191733
1429.191733
1430.191733
1431.191733
1432.191733
1433.191733
1434.191733
1435.191733
1436.191733
1437.191733
1438.191733
1439.191733
1440.191733
1441.191733
1442.191733
1443.191733
1444.191733
1445.191733
1446.191733
1447.191733
1448.191733
1449.191733
1450.191733
1451.191733
1452.191733
1453.191733
1454.191733
1455.191733
1456.191733
1457.191733
1458.191733
1459.191733
1460.191733
1461.191733
1462.191733
1463.191767
1464.191767
1465.191767
1466.191767
1467.191767
1468.191767
1469.191767
1470.191767
1471.191767
1472.191767
1473.191767
1474.191767
1475.191767
1476.191767
1477.191767
1478.191767
1479.191767
1480.191767
1481.191767
1482.191767
1483.191767
1484.191767
1485.191767
1486.191767
1487.191767
1488.191767
1489.191767
1490.191800
1491.191800
1492.191800
1493.191800
1494.191800
1495.191800
1496.191800
1497.191800
1498.191800
1499.191800
1500.191800
1501.191800
1502.191800
1503.191800
1504.191800
1505.191800
1506.191800
1507.191800
1508.191800
1509.191800
1510.191800
1511.191800
1512.191833
1513.191833
1514.191833
1515.191833
1516.191833
1517.191833
1518.191833
1519.191833
1520.191833
1521.191833
1522.191833
1523.191833
1524.191833
1525.191833
1526.191833
1527.191833
1528.191833
1529.191833
1530.191833
1531.191833
1532.191833
1533.191833
1534.191833
1535.191833
1536.191833
1537.191833
1538.191833
1539.191833
1540.191867
1541.191867
1542.191867
1543.191867
1544.191867
1545.191867
1546.191867
1547.191867
1548.191867
1549.191867
1550.191867
1551.191867
1552.191867
1553.191867
1554.191867
1555.191867
1556.191867
1557.191867
1558.191867
1559.191867
1560.191867
1561.191867
1562.191867
1563.191867
1564.191867
1565.191867
1566.191867
1567.191867
1568.191867
1569.191867
1570.191867
1571.191867
1572.191867
1573.191867
1574.191867
1575.191867
1576.191867
1577.191867
1578.191867
1579.191867
1580.191867
1581.191867
1582.191900
1583.191900
1584.191900
1585.191900
1586.191900
1587.191900
1588.191900
1589.191900
1590.191900
1591.191900
1592.191900
1593.191900
1594.191900
1595.191900
1596.191900
1597.191900
1598.191900
1599.191900
1600.191900
1601.191900
1602.191900
1603.191900
1604.191900
1605.191900
1606.191900
1607.191900
1608.191900
1609.191900
1610.191900
1611.191933
1612.191933
1613.191933
1614.191933
1615.191933
1616.191933
1617.191933
1618.191933
1619.191933
1620.191933
1621.191933
1622.191933
1623.191933
1624.191933
1625.191933
1626.191933
1627.191933
1628.191933
1629.191933
1630.191933
1631.191933
1632.191933
1633.191933
1634.191933
1635.191933
1636.191933
1637.191933
1638.191933
1639.191933
1640.191933
1641.191933
1642.191967
1643.191967
1644.191967
1645.191967
1646.191967
1647.191967
1648.191967
1649.191967
1650.191967
1651.191967
1652.191967
1653.191967
1654.191967
1655.191967
1656.191967
1657.191967
1658.191967
1659.191967
1660.191967
1661.191967
1662.191967
1663.191967
1664.191967
1665.191967
1666.191967
1667.191967
1668.191967
1669.191967
1670.191967
1671.191967
1672.191967
1673.191967
1674.191967
1675.191967
1676.191967
1677.191967
1678.191967
1679.191967
1680.191967
1681.192000
1682.192000
1683.192000
1684.192000
1685.192000
1686.192000
1687.192000
1688.192000
1689.192000
1690.192000
1691.192000
1692.192000
1693.192000
1694.192000
1695.192000
1696.192000
1697.192000
1698.192000
1699.192000
1700.192000
1701.192000
1702.192000
1703.192000
1704.192000
1705.192000
1706.192000
1707.192000
1708.192000
1709.192000
1710.192000
1711.192000
1712.192000
1713.192000
1714.192000
1715.192000
1716.192000
1717.192000
1718.192000
1719.192000
1720.192000
1721.192000
1722.192000
1723.192000
1724.192000
1725.192000
1726.192000
1727.192000
1728.192000
1729.192000
1730.192000
1731.192000
1732.192000
1733.192000
1734.192000
1735.192000
1736.192000
1737.192000
1738.192000
1739.192033
1740.192033
1741.192033
1742.192033
1743.192033
1744.192033
1745.192033
1746.192033
1747.192033
1748.192033
1749.192033
1750.192033
1751.192033
1752.192033
1753.192033
1754.192033
1755.192033
1756.192033
1757.192033
1758.192033
1759.192033
1760.192033
1761.192033
1762.192033
1763.192033
1764.192033
1765.192033
1766.192033
1767.192033
1768.192033
1769.192033
1770.192033
1771.192033
1772.192033
1773.192033
1774.192033
1775.192033
1776.192033
1777.192033
1778.192033
1779.192033
1780.192033
1781.192033
1782.192033
1783.192033
1784.192033
1785.192033
1786.192033
1787.192033
1788.192033
1789.192033
1790.192033
1791.192033
1792.192033
1793.192067
1794.192067
1795.192067
1796.192067
1797.192067
1798.192067
1799.192067
1800.192067
1801.192067
1802.192067
1803.192067
1804.192067
1805.192067
1806.192067
1807.192067
1808.192067
1809.192067
1810.192067
1811.192067
1812.192067
1813.192067
1814.192067
1815.192067
1816.192067
1817.192067
1818.192067
1819.192067
1820.192067
1821.192067
1822.192067
1823.192067
1824.192067
1825.192067
1826.192067
1827.192067
1828.192067
1829.192067
1830.192067
1831.192067
1832.192067
1833.192067
1834.192067
1835.192067
1836.192067
1837.192067
1838.192067
1839.192067
1840.192067
1841.192067
1842.192067
1843.192067
1844.192067
1845.192067
1846.192067
1847.192067
1848.192067
1849.192067
1850.192067
1851.192100
1852.192100
1853.192100
1854.192100
1855.192100
1856.192100
1857.192100
1858.192100
1859.192100
1860.192100
1861.192100
1862.192100
1863.192100
1864.192100
1865.192100
1866.192100
1867.192100
1868.192100
1869.192100
1870.192100
1871.192100
1872.192100
1873.192100
1874.192100
1875.192100
1876.192100
1877.192100
1878.192100
1879.192100
1880.192100
1881.192100
1882.192100
1883.192100
1884.192100
1885.192100
1886.192100
1887.192100
1888.192100
1889.192100
1890.192100
1891.192100
1892.192100
1893.192100
1894.192100
1895.192100
1896.192100
1897.192100
1898.192100
1899.192133
1900.192133
1901.192133
1902.192133
1903.192133
1904.192133
1905.192133
1906.192133
1907.192133
1908.192133
1909.192133
1910.192133
1911.192133
1912.192133
1913.192133
1914.192133
1915.192133
1916.192133
1917.192133
1918.192133
1919.192133
1920.192133
1921.192133
1922.192133
1923.192133
1924.192133
1925.192133
1926.192133
1927.192133
1928.192133
1929.192133
1930.192133
1931.192133
1932.192133
1933.192133
1934.192133
1935.192167
1936.192167
1937.192167
1938.192167
1939.192167
1940.192167
1941.192167
1942.192167
1943.192167
1944.192167
1945.192167
1946.192167
1947.192167
1948.192167
1949.192167
1950.192167
1951.192167
1952.192167
1953.192167
1954.192167
1955.192167
1956.192167
1957.192167
1958.192167
1959.192167
1960.192167
1961.192167
1962.192200
1963.192200
1964.192200
1965.192200
1966.192200
1967.192200
1968.192200
1969.192200
1970.192200
1971.192200
1972.192200
1973.192200
1974.192200
1975.192200
1976.192200
1977.192200
1978.192200
1979.192200
1980.192200
1981.192200
1982.192200
1983.192200
1984.192200
1985.192200
1986.192200
1987.192200
1988.192233
1989.192233
1990.192233
1991.192233
1992.192233
1993.192233
1994.192233
1995.192233
1996.192233
1997.192233
1998.192233
1999.192233
2000.192233
2001.192233
2002.192233
2003.192233
2004.192233
2005.192233
2006.192233
2007.192233
2008.192233
2009.192233
2010.192233
2011.192233
2012.192233
2013.192233
2014.192233
2015.192233
2016.192233
2017.192233
2018.192267
2019.192267
2020.192267
2021.192267
2022.192267
2023.192267
2024.192267
2025.192267
2026.192267
2027.192267
2028.192267
2029.192267
2030.192267
2031.192267
2032.192267
2033.192267
2034.192267
2035.192267
2036.192267
2037.192267
2038.192267
2039.192267
2040.192267
2041.192267
2042.192267
2043.192267
2044.192267
2045.192267
2046.192267
2047.192267
2048.192267
2049.192267
2050.192267
2051.192267
2052.192267
2053.192267
2054.192267
2055.192267
2056.192300
2057.192300
2058.192300
2059.192300
2060.192300
2061.192300
2062.192300
2063.192300
2064.192300
2065.192300
2066.192300
2067.192300
2068.192300
2069.192300
2070.192300
2071.192300
2072.192300
2073.192300
2074.192300
2075.192300
2076.192300
2077.192300
2078.192300
2079.192300
2080.192300
2081.192300
2082.192300
2083.192300
2084.192300
2085.192300
2086.192300
2087.192300
2088.192300
2089.192300
2090.192300
2091.192300
2092.192300
2093.192300
2094.192300
2095.192300
2096.192300
2097.192333
2098.192333
2099.192333
2100.192333
2101.192333
2102.192333
2103.192333
2104.192333
2105.192333
2106.192333
2107.192333
2108.192333
2109.192333
2110.192333
2111.192333
2112.192333
2113.192333
2114.192333
2115.192333
2116.192333
2117.192333
2118.192333
2119.192333
2120.192333
2121.192333
2122.192333
2123.192333
2124.192333
2125.192333
2126.192333
2127.192333
2128.192333
2129.192333
2130.192333
2131.192333
2132.192333
2133.192333
2134.192333
2135.192333
2136.192333
2137.192333
2138.192333
2139.192333
2140.192333
2141.192333
2142.192333
2143.192333
2144.192333
2145.192333
2146.192333
2147.192333
2148.192333
2149.192333
2150.192333
2151.192333
2152.192333
2153.192333
2154.192367
2155.192367
2156.192367
2157.192367
2158.192367
2159.192367
2160.192367
2161.192367
2162.192367
2163.192367
2164.192367
2165.192367
2166.192367
2167.192367
2168.192367
2169.192367
2170.192367
2171.192367
2172.192367
2173.192367
2174.192367
2175.192367
2176.192367
2177.192367
2178.192367
2179.192367
2180.192367
2181.192367
2182.192367
2183.192367
2184.192367
2185.192367
2186.192367
2187.192367
2188.192367
2189.192367
2190.192367
2191.192367
2192.192367
2193.192367
2194.192367
2195.192367
2196.192367
2197.192367
2198.192367
2199.192367
2200.192367
2201.192367
2202.192367
2203.192367
2204.192367
2205.192367
2206.192367
2207.192367
2208.192367
2209.192367
2210.192367
2211.192367
2212.192367
2213.192367
2214.192367
2215.192367
2216.192367
2217.192367
2218.192367
2219.192367
2220.192367
2221.192367
2222.192367
2223.192367
2224.192367
2225.192367
2226.192367
2227.192367
2228.192367
2229.192367
2230.192367
2231.192367
2232.192367
2233.192367
2234.192367
2235.192367
2236.192367
2237.192367
2238.192367
2239.192367
2240.192367
2241.192367
2242.192367
2243.192367
2244.192367
2245.192367
2246.192367
2247.192367
2248.192367
2249.192367
2250.192367
2251.192367
2252.192367
2253.192367
2254.192367
2255.192367
2256.192367
2257.192367
2258.192367
2259.192367
2260.192367
2261.192367
2262.192367
2263.192367
2264.192367
2265.192367
2266.192367
2267.192367
2268.192367
2269.192367
2270.192367
2271.192367
2272.192367
2273.192367
2274.192367
2275.192367
2276.192367
2277.192367
2278.192367
2279.192367
2280.192367
2281.192367
2282.192367
2283.192367
2284.192367
2285.192367
2286.192367
2287.192367
2288.192367
2289.192367
2290.192367
2291.192367
2292.192367
2293.192367
2294.192367
2295.192367
2296.192367
2297.192367
2298.192367
2299.192367
2300.192367
2301.192367
2302.192367
2303.192367
2304.192367
2305.192367
2306.192367
2307.192367
2308.192367
2309.192367
2310.192367
2311.192367
2312.192367
2313.192367
2314.192367
2315.192367
2316.192367
2317.192367
2318.192367
2319.192367
2320.192367
2321.192367
2322.192367
2323.192367
2324.192367
2325.192367
2326.192367
2327.192367
2328.192367
2329.192367
2330.192367
2331.192367
2332.192367
2333.192367
2334.192367
2335.192367
2336.192367
2337.192367
2338.192367
2339.192367
2340.192367
2341.192367
2342.192367
2343.192367
2344.192367
2345.192367
2346.192367
2347.192367
2348.192367
2349.192367
2350.192367
2351.192367
2352.192367
2353.192367
2354.192367
2355.192367
2356.192367
2357.192367
2358.192367
2359.192367
2360.192367
2361.192367
2362.192367
2363.192367
2364.192367
2365.192367
2366.192367
2367.192367
2368.192367
2369.192367
2370.192367
2371.192367
2372.192367
2373.192367
2374.192367
2375.192367
2376.192367
2377.192400
2378.192400
2379.192400
2380.192400
2381.192400
2382.192400
2383.192400
2384.192400
2385.192400
2386.192400
2387.192400
2388.192400
2389.192400
2390.192400
2391.192400
2392.192400
2393.192400
2394.192400
2395.192400
2396.192400
2397.192400
2398.192400
2399.192400
2400.192400
2401.192400
2402.192400
2403.192400
2404.192400
2405.192400
2406.192400
2407.192400
2408.192400
2409.192400
2410.192400
2411.192400
2412.192400
2413.192400
2414.192400
2415.192400
2416.192400
2417.192400
2418.192400
2419.192400
2420.192400
2421.192400
2422.192400
2423.192400
2424.192433
2425.192433
2426.192433
2427.192433
2428.192433
2429.192433
2430.192433
2431.192433
2432.192433
2433.192433
2434.192433
2435.192433
2436.192433
2437.192433
2438.192433
2439.192433
2440.192433
2441.192433
2442.192433
2443.192433
2444.192433
2445.192433
2446.192433
2447.192433
2448.192433
2449.192433
2450.192433
2451.192433
2452.192433
2453.192433
2454.192433
2455.192433
2456.192433
2457.192433
2458.192433
2459.192433
2460.192433
2461.192433
2462.192433
2463.192433
2464.192433
2465.192433
2466.192433
2467.192433
2468.192433
2469.192433
2470.192433
2471.192433
2472.192433
2473.192433
2474.192433
2475.192433
2476.192433
2477.192433
2478.192467
2479.192467
2480.192467
2481.192467
2482.192467
2483.192467
2484.192467
2485.192467
2486.192467
2487.192467
2488.192467
2489.192467
2490.192467
2491.192467
2492.192467
2493.192467
2494.192467
2495.192467
2496.192467
2497.192467
2498.192467
2499.192467
2500.192467
2501.192467
2502.192467
2503.192467
2504.192467
2505.192467
2506.192467
2507.192467
2508.192467
2509.192467
2510.192467
2511.192467
2512.192467
2513.192467
2514.192467
2515.192467
2516.192467
2517.192467
2518.192467
2519.192467
2520.192467
2521.192467
2522.192467
2523.192467
2524.192467
2525.192467
2526.192467
2527.192467
2528.192467
2529.192467
2530.192467
2531.192467
2532.192467
2533.192467
2534.192467
2535.192467
2536.192467
2537.192467
2538.192467
2539.192467
2540.192467
2541.192467
2542.192467
2543.192467
2544.192467
2545.192467
2546.192467
2547.192467
2548.192467
2549.192467
2550.192467
2551.192467
2552.192467
2553.192467
2554.192467
2555.192467
2556.192467
2557.192467
2558.192467
2559.192467
2560.192467
2561.192467
2562.192467
2563.192467
2564.192467
2565.192467
2566.192467
2567.192467
2568.192467
2569.192467
2570.192467
2571.192467
2572.192467
2573.192467
2574.192467
2575.192467
2576.192467
2577.192467
2578.192467
2579.192467
2580.192467
2581.192467
2582.192467
2583.192467
2584.192467
2585.192500
2586.192500
2587.192500
2588.192500
2589.192500
2590.192500
2591.192500
2592.192500
2593.192500
2594.192500
2595.192500
2596.192500
2597.192500
2598.192500
2599.192500
2600.192500
2601.192500
2602.192500
2603.192500
2604.192500
2605.192500
2606.192500
2607.192500
2608.192500
2609.192500
2610.192500
2611.192500
2612.192500
2613.192500
2614.192500
2615.192500
2616.192500
2617.192500
2618.192500
2619.192500
2620.192500
2621.192500
2622.192500
2623.192500
2624.192500
2625.192500
2626.192500
2627.192500
2628.192500
2629.192500
2630.192500
2631.192500
2632.192500
2633.192500
2634.192500
2635.192500
2636.192500
2637.192500
2638.192500
2639.192500
2640.192500
2641.192500
2642.192500
2643.192500
2644.192500
2645.192500
2646.192500
2647.192500
2648.192500
2649.192500
2650.192500
2651.192500
2652.192500
2653.192500
2654.192500
2655.192500
2656.192500
2657.192500
2658.192500
2659.192500
2660.192500
2661.192500
2662.192500
2663.192533
2664.192533
2665.192500
2666.192533
2667.192533
2668.192533
2669.192533
2670.192533
2671.192533
2672.192533
2673.192533
2674.192533
2675.192533
2676.192533
2677.192533
2678.192533
2679.192533
2680.192533
2681.192533
2682.192533
2683.192533
2684.192533
2685.192533
2686.192533
2687.192533
2688.192533
2689.192533
2690.192533
2691.192533
2692.192533
2693.192533
2694.192533
2695.192533
2696.192533
2697.192533
2698.192533
2699.192533
2700.192533
2701.192533
2702.192533
2703.192533
2704.192533
2705.192533
2706.192533
2707.192533
2708.192533
2709.192533
2710.192533
2711.192533
2712.192533
2713.192533
2714.192533
2715.192533
2716.192533
2717.192533
2718.192533
2719.192533
2720.192533
2721.192533
2722.192533
2723.192533
2724.192533
2725.192533
2726.192533
2727.192533
2728.192533
2729.192533
2730.192533
2731.192533
2732.192533
2733.192533
2734.192533
2735.192533
2736.192533
2737.192533
2738.192533
2739.192533
2740.192533
2741.192533
2742.192533
2743.192533
2744.192533
2745.192533
2746.192533
2747.192533
2748.192533
2749.192533
2750.192533
2751.192533
2752.192533
2753.192533
2754.192533
2755.192533
2756.192533
2757.192533
2758.192533
2759.192533
2760.192533
2761.192533
2762.192533
2763.192533
2764.192533
2765.192533
2766.192533
2767.192533
2768.192533
2769.192533
2770.192533
2771.192533
2772.192567
2773.192567
2774.192567
2775.192567
2776.192567
2777.192567
2778.192567
2779.192567
2780.192567
2781.192567
2782.192567
2783.192567
2784.192567
2785.192567
2786.192567
2787.192567
2788.192567
2789.192567
2790.192567
2791.192567
2792.192567
2793.192567
2794.192567
2795.192567
2796.192567
2797.192567
2798.192567
2799.192567
2800.192567
2801.192567
2802.192567
2803.192567
2804.192567
2805.192567
2806.192567
2807.192567
2808.192567
2809.192567
2810.192567
2811.192567
2812.192567
2813.192567
2814.192567
2815.192600
2816.192600
2817.192600
2818.192600
2819.192600
2820.192600
2821.192600
2822.192600
2823.192600
2824.192600
2825.192600
2826.192600
2827.192600
2828.192600
2829.192600
2830.192600
2831.192600
2832.192600
2833.192600
2834.192600
2835.192600
2836.192600
2837.192600
2838.192600
2839.192600
2840.192600
2841.192600
2842.192600
2843.192600
2844.192600
2845.192600
2846.192600
2847.192600
2848.192600
2849.192600
2850.192600
2851.192600
2852.192600
2853.192600
2854.192600
2855.192600
2856.192600
2857.192600
2858.192633
2859.192633
2860.192633
2861.192633
2862.192633
2863.192633
2864.192633
2865.192633
2866.192633
2867.192633
2868.192633
2869.192633
2870.192633
2871.192633
2872.192633
2873.192633
2874.192633
2875.192633
2876.192633
2877.192633
2878.192633
2879.192633
2880.192633
2881.192633
2882.192633
2883.192633
2884.192633
2885.192633
2886.192633
2887.192633
2888.192633
2889.192633
2890.192633
2891.192633
2892.192633
2893.192633
2894.192633
2895.192633
2896.192633
2897.192633
2898.192633
2899.192633
2900.192633
2901.192633
2902.192633
2903.192633
2904.192667
2905.192667
2906.192667
2907.192667
2908.192667
2909.192667
2910.192667
2911.192667
2912.192667
2913.192667
2914.192667
2915.192667
2916.192667
2917.192667
2918.192667
2919.192667
2920.192667
2921.192667
2922.192667
2923.192667
2924.192667
2925.192667
2926.192667
2927.192667
2928.192667
2929.192667
2930.192667
2931.192667
2932.192667
2933.192667
2934.192667
2935.192667
2936.192667
2937.192667
2938.192667
2939.192667
2940.192667
2941.192667
2942.192700
2943.192700
2944.192700
2945.192700
2946.192700
2947.192700
2948.192700
2949.192700
2950.192700
2951.192700
2952.192700
2953.192700
2954.192700
2955.192700
2956.192700
2957.192700
2958.192700
2959.192700
2960.192700
2961.192700
2962.192700
2963.192700
2964.192700
2965.192700
2966.192700
2967.192700
2968.192700
2969.192700
2970.192700
2971.192700
2972.192700
2973.192700
2974.192700
2975.192700
2976.192700
2977.192700
2978.192700
2979.192700
2980.192700
2981.192700
2982.192700
2983.192700
2984.192700
2985.192700
2986.192700
2987.192733
2988.192733
2989.192733
2990.192733
2991.192733
2992.192733
2993.192733
2994.192733
2995.192733
2996.192733
2997.192733
2998.192733
2999.192733
3000.192733
3001.192733
3002.192733
3003.192733
3004.192733
3005.192733
3006.192733
3007.192733
3008.192733
3009.192733
3010.192733
3011.192733
3012.192733
3013.192733
3014.192733
3015.192733
3016.192733
3017.192733
3018.192733
3019.192733
3020.192767
3021.192767
3022.192767
3023.192767
3024.192767
3025.192767
3026.192767
3027.192767
3028.192767
3029.192767
3030.192767
3031.192767
3032.192767
3033.192767
3034.192767
3035.192767
3036.192767
3037.192767
3038.192767
3039.192767
3040.192767
3041.192767
3042.192767
3043.192767
3044.192767
3045.192767
3046.192767
3047.192767
3048.192767
3049.192767
3050.192767
3051.192767
3052.192767
3053.192767
3054.192767
3055.192767
3056.192767
3057.192767
3058.192767
3059.192767
3060.192800
3061.192800
3062.192800
3063.192800
3064.192800
3065.192800
3066.192800
3067.192800
3068.192800
3069.192800
3070.192800
3071.192800
3072.192800
3073.192800
3074.192800
3075.192800
3076.192800
3077.192800
3078.192800
3079.192800
3080.192800
3081.192800
3082.192800
3083.192800
3084.192800
3085.192800
3086.192800
3087.192800
3088.192800
3089.192800
3090.192800
3091.192800
3092.192800
3093.192800
3094.192800
3095.192800
3096.192800
3097.192833
3098.192833
3099.192833
3100.192833
3101.192833
3102.192833
3103.192833
3104.192833
3105.192833
3106.192833
3107.192833
3108.192833
3109.192833
3110.192833
3111.192833
3112.192833
3113.192833
3114.192833
3115.192833
3116.192833
3117.192833
3118.192833
3119.192833
3120.192833
3121.192833
3122.192833
3123.192833
3124.192833
3125.192833
3126.192833
3127.192833
3128.192833
3129.192833
3130.192867
3131.192867
3132.192867
3133.192867
3134.192867
3135.192867
3136.192867
3137.192867
3138.192867
3139.192867
3140.192867
3141.192867
3142.192867
3143.192867
3144.192867
3145.192867
3146.192867
3147.192867
3148.192867
3149.192867
3150.192867
3151.192867
3152.192867
3153.192867
3154.192867
3155.192867
3156.192867
3157.192867
3158.192867
3159.192867
3160.192867
3161.192867
3162.192900
3163.192900
3164.192900
3165.192900
3166.192900
3167.192900
3168.192900
3169.192900
3170.192900
3171.192900
3172.192900
3173.192900
3174.192900
3175.192900
3176.192900
3177.192900
3178.192900
3179.192900
3180.192900
3181.192900
3182.192900
3183.192900
3184.192900
3185.192900
3186.192900
3187.192900
3188.192900
3189.192900
3190.192900
3191.192933
3192.192933
3193.192933
3194.192933
3195.192933
3196.192933
3197.192933
3198.192933
3199.192933
3200.192933
3201.192933
3202.192933
3203.192933
3204.192933
3205.192933
3206.192933
3207.192933
3208.192933
3209.192933
3210.192933
3211.192933
3212.192933
3213.192933
3214.192933
3215.192933
3216.192933
3217.192933
3218.192933
3219.192933
3220.192933
3221.192967
3222.192967
3223.192967
3224.192967
3225.192967
3226.192967
3227.192967
3228.192967
3229.192967
3230.192967
3231.192967
3232.192967
3233.192967
3234.192967
3235.192967
3236.192967
3237.192967
3238.192967
3239.192967
3240.192967
3241.192967
3242.192967
3243.192967
3244.192967
3245.192967
3246.193000
3247.193000
3248.193000
3249.193000
3250.193000
3251.193000
3252.193000
3253.193000
3254.193000
3255.193000
3256.193000
3257.193000
3258.193000
3259.193000
3260.193000
3261.193000
3262.193000
3263.193000
3264.193000
3265.193000
3266.193000
3267.193000
3268.193000
3269.193000
3270.193000
3271.193000
3272.193000
3273.193000
3274.193033
3275.193033
3276.193033
3277.193033
3278.193033
3279.193033
3280.193033
3281.193033
3282.193033
3283.193033
3284.193033
3285.193033
3286.193033
3287.193033
3288.193033
3289.193033
3290.193033
3291.193033
3292.193033
3293.193033
3294.193033
3295.193033
3296.193033
3297.193033
3298.193033
3299.193033
3300.193033
3301.193033
3302.193033
3303.193067
3304.193067
3305.193067
3306.193067
3307.193067
3308.193067
3309.193067
3310.193067
3311.193067
3312.193067
3313.193067
3314.193067
3315.193067
3316.193067
3317.193067
3318.193067
3319.193067
3320.193067
3321.193067
3322.193067
3323.193067
3324.193067
3325.193067
3326.193067
3327.193067
3328.193067
3329.193067
3330.193067
3331.193067
3332.193100
3333.193100
3334.193100
3335.193100
3336.193100
3337.193100
3338.193100
3339.193100
3340.193100
3341.193100
3342.193100
3343.193100
3344.193100
3345.193100
3346.193100
3347.193100
3348.193100
3349.193100
3350.193100
3351.193100
3352.193100
3353.193100
3354.193100
3355.193100
3356.193100
3357.193100
3358.193100
3359.193100
3360.193133
3361.193133
3362.193133
3363.193133
3364.193133
3365.193133
3366.193133
3367.193133
3368.193133
3369.193133
3370.193133
3371.193133
3372.193133
3373.193133
3374.193133
3375.193133
3376.193133
3377.193133
3378.193133
3379.193133
3380.193133
3381.193133
3382.193133
3383.193133
3384.193133
3385.193133
3386.193133
3387.193133
3388.193167
3389.193167
3390.193167
3391.193167
3392.193167
3393.193167
3394.193167
3395.193167
3396.193167
3397.193167
3398.193167
3399.193167
3400.193167
3401.193167
3402.193167
3403.193167
3404.193167
3405.193167
3406.193167
3407.193167
3408.193167
3409.193167
3410.193167
3411.193167
3412.193167
3413.193167
3414.193167
3415.193167
3416.193167
3417.193167
3418.193167
3419.193167
3420.193167
3421.193167
3422.193167
3423.193167
3424.193167
3425.193167
3426.193167
3427.193167
3428.193167
3429.193167
3430.193167
3431.193167
3432.193167
3433.193167
3434.193167
3435.193167
3436.193167
3437.193167
3438.193167
3439.193167
3440.193167
3441.193167
3442.193167
3443.193167
3444.193167
3445.193167
3446.193167
3447.193167
3448.193167
3449.193200
3450.193200
3451.193200
3452.193200
3453.193200
3454.193200
3455.193200
3456.193200
3457.193200
3458.193200
3459.193200
3460.193200
3461.193200
3462.193200
3463.193200
3464.193200
3465.193200
3466.193200
3467.193200
3468.193200
3469.193200
3470.193200
3471.193200
3472.193200
3473.193200
3474.193200
3475.193200
3476.193200
3477.193200
3478.193200
3479.193200
3480.193200
3481.193200
3482.193200
3483.193200
3484.193200
3485.193200
3486.193200
3487.193200
3488.193200
3489.193200
3490.193200
3491.193200
3492.193200
3493.193200
3494.193200
3495.193200
3496.193200
3497.193200
3498.193200
3499.193200
3500.193200
3501.193200
3502.193200
3503.193200
3504.193200
3505.193233
3506.193233
3507.193233
3508.193233
3509.193233
3510.193233
3511.193233
3512.193233
3513.193233
3514.193233
3515.193233
3516.193233
3517.193233
3518.193233
3519.193233
3520.193233
3521.193233
3522.193233
3523.193233
3524.193233
3525.193233
3526.193233
3527.193233
3528.193233
3529.193233
3530.193233
3531.193233
3532.193233
3533.193233
3534.193233
3535.193233
3536.193233
3537.193233
3538.193233
3539.193233
3540.193233
3541.193233
3542.193267
3543.193267
3544.193267
3545.193267
3546.193267
3547.193267
3548.193267
3549.193267
3550.193267
3551.193267
3552.193267
3553.193267
3554.193267
3555.193267
3556.193267
3557.193267
3558.193267
3559.193267
3560.193267
3561.193267
3562.193267
3563.193267
3564.193267
3565.193267
3566.193267
3567.193267
3568.193267
3569.193267
3570.193267
3571.193267
3572.193267
3573.193267
3574.193267
3575.193300
3576.193300
3577.193300
3578.193300
3579.193300
3580.193300
3581.193300
3582.193300
3583.193300
3584.193300
3585.193300
3586.193300
3587.193300
3588.193300
3589.193300
3590.193300
3591.193300
3592.193300
3593.193300
3594.193300
3595.193300
3596.193300
3597.193300
3598.193300
3599.193300
3600.193300
3601.193300
3602.193300
3603.193300
3604.193300
3605.193300
3606.193300
3607.193300
3608.193333
3609.193333
3610.193333
3611.193333
3612.193333
3613.193333
3614.193333
3615.193333
3616.193333
3617.193333
3618.193333
3619.193333
3620.193333
3621.193333
3622.193333
3623.193333
3624.193333
3625.193333
3626.193333
3627.193333
3628.193333
3629.193333
3630.193333
3631.193333
3632.193333
3633.193333
3634.193333
3635.193333
3636.193333
3637.193333
3638.193333
3639.193333
3640.193333
3641.193333
3642.193367
3643.193367
3644.193367
3645.193367
3646.193367
3647.193367
3648.193367
3649.193367
3650.193367
3651.193367
3652.193367
3653.193367
3654.193367
3655.193367
3656.193367
3657.193367
3658.193367
3659.193367
3660.193367
3661.193367
3662.193367
3663.193367
3664.193367
3665.193367
3666.193367
3667.193367
3668.193400
3669.193400
3670.193400
3671.193400
3672.193400
3673.193400
3674.193400
3675.193400
3676.193400
3677.193400
3678.193400
3679.193400
3680.193400
3681.193400
3682.193400
3683.193400
3684.193400
3685.193400
3686.193400
3687.193400
3688.193400
3689.193400
3690.193400
3691.193433
3692.193433
3693.193433
3694.193433
3695.193433
3696.193433
3697.193433
3698.193433
3699.193433
3700.193433
3701.193433
3702.193433
3703.193433
3704.193433
3705.193433
3706.193433
3707.193433
3708.193433
3709.193433
3710.193433
3711.193433
3712.193433
3713.193433
3714.193433
3715.193433
3716.193433
3717.193433
3718.193433
3719.193433
3720.193467
3721.193467
3722.193467
3723.193467
3724.193467
3725.193467
3726.193467
3727.193467
3728.193467
3729.193467
3730.193467
3731.193467
3732.193467
3733.193467
3734.193467
3735.193467
3736.193467
3737.193467
3738.193467
3739.193467
3740.193467
3741.193500
3742.193500
3743.193500
3744.193500
3745.193500
3746.193500
3747.193500
3748.193500
3749.193500
3750.193500
3751.193500
3752.193500
3753.193500
3754.193500
3755.193500
3756.193500
3757.193500
3758.193500
3759.193500
3760.193500
3761.193500
3762.193500
3763.193500
3764.193500
3765.193500
3766.193500
3767.193500
3768.193500
3769.193500
3770.193500
3771.193500
3772.193500
3773.193500
3774.193500
3775.193500
3776.193533
3777.193533
3778.193533
3779.193533
3780.193533
3781.193533
3782.193533
3783.193533
3784.193533
3785.193533
3786.193533
3787.193533
3788.193533
3789.193533
3790.193533
3791.193533
3792.193533
3793.193533
3794.193533
3795.193533
3796.193533
3797.193533
3798.193533
3799.193533
3800.193533
3801.193533
3802.193567
3803.193567
3804.193567
3805.193567
3806.193567
3807.193567
3808.193567
3809.193567
3810.193567
3811.193567
3812.193567
3813.193567
3814.193567
3815.193567
3816.193567
3817.193567
3818.193567
3819.193567
3820.193567
3821.193567
3822.193567
3823.193567
3824.193567
3825.193567
3826.193567
3827.193567
3828.193567
3829.193567
3830.193567
3831.193567
3832.193567
3833.193567
3834.193567
3835.193567
3836.193567
3837.193567
3838.193567
3839.193567
3840.193600
3841.193600
3842.193600
3843.193600
3844.193600
3845.193600
3846.193600
3847.193600
3848.193600
3849.193600
3850.193600
3851.193600
3852.193600
3853.193600
3854.193600
3855.193600
3856.193600
3857.193600
3858.193600
3859.193600
3860.193600
3861.193600
3862.193600
3863.193600
3864.193600
3865.193600
3866.193600
3867.193600
3868.193600
3869.193600
3870.193600
3871.193600
3872.193600
3873.193600
3874.193600
3875.193600
3876.193600
3877.193600
3878.193600
3879.193600
3880.193600
3881.193600
3882.193600
3883.193600
3884.193600
3885.193600
3886.193600
3887.193600
3888.193600
3889.193600
3890.193600
3891.193633
3892.193633
3893.193633
3894.193633
3895.193633
3896.193633
3897.193633
3898.193633
3899.193633
3900.193633
3901.193633
3902.193633
3903.193633
3904.193633
3905.193633
3906.193633
3907.193633
3908.193633
3909.193633
3910.193633
3911.193633
3912.193633
3913.193633
3914.193633
3915.193633
3916.193633
3917.193633
3918.193633
3919.193633
3920.193633
3921.193633
3922.193633
3923.193633
3924.193633
3925.193633
3926.193633
3927.193633
3928.193633
3929.193633
3930.193667
3931.193667
3932.193667
3933.193667
3934.193667
3935.193667
3936.193667
3937.193667
3938.193667
3939.193667
3940.193667
3941.193667
3942.193667
3943.193667
3944.193667
3945.193667
3946.193667
3947.193667
3948.193667
3949.193667
3950.193667
3951.193667
3952.193667
3953.193667
3954.193667
3955.193667
3956.193667
3957.193667
3958.193667
3959.193667
3960.193667
3961.193667
3962.193667
3963.193667
3964.193667
3965.193667
3966.193667
3967.193700
3968.193700
3969.193700
3970.193700
3971.193700
3972.193700
3973.193700
3974.193700
3975.193700
3976.193700
3977.193700
3978.193700
3979.193700
3980.193700
3981.193700
3982.193700
3983.193700
3984.193700
3985.193700
3986.193700
3987.193700
3988.193700
3989.193700
3990.193700
3991.193700
3992.193700
3993.193700
3994.193700
3995.193700
3996.193700
3997.193700
3998.193700
3999.193700
4000.193700
4001.193700
4002.193700
4003.193700
4004.193700
4005.193700
4006.193700
4007.193700
4008.193700
4009.193700
4010.193700
4011.193700
4012.193700
4013.193700
4014.193700
4015.193700
4016.193700
4017.193733
4018.193733
4019.193733
4020.193733
4021.193733
4022.193733
4023.193733
4024.193733
4025.193733
4026.193733
4027.193733
4028.193733
4029.193733
4030.193733
4031.193733
4032.193733
4033.193733
4034.193733
4035.193733
4036.193733
4037.193733
4038.193733
4039.193733
4040.193733
4041.193733
4042.193733
4043.193733
4044.193733
4045.193733
4046.193733
4047.193733
4048.193733
4049.193733
4050.193733
4051.193733
4052.193733
4053.193733
4054.193733
4055.193733
4056.193733
4057.193733
4058.193733
4059.193733
4060.193733
4061.193733
4062.193733
4063.193733
4064.193733
4065.193733
4066.193733
4067.193733
4068.193733
4069.193733
4070.193733
4071.193733
4072.193733
4073.193733
4074.193733
4075.193733
4076.193733
4077.193733
4078.193733
4079.193733
4080.193767
4081.193767
4082.193767
4083.193767
4084.193767
4085.193767
4086.193767
4087.193767
4088.193767
4089.193767
4090.193767
4091.193767
4092.193767
4093.193767
4094.193767
4095.193767
4096.193767
4097.193767
4098.193767
4099.193767
4100.193767
4101.193767
4102.193767
4103.193767
4104.193767
4105.193767
4106.193767
4107.193767
4108.193767
4109.193767
4110.193767
4111.193767
4112.193767
4113.193767
4114.193767
4115.193767
4116.193767
4117.193767
4118.193767
4119.193767
4120.193767
4121.193767
4122.193767
4123.193767
4124.193767
4125.193767
4126.193767
4127.193767
4128.193767
4129.193767
4130.193767
4131.193767
4132.193767
4133.193767
4134.193767
4135.193767
4136.193767
4137.193767
4138.193767
4139.193767
4140.193767
4141.193767
4142.193767
4143.193767
4144.193767
4145.193767
4146.193767
4147.193767
4148.193767
4149.193767
4150.193767
4151.193767
4152.193767
4153.193767
4154.193767
4155.193767
4156.193767
4157.193767
4158.193767
4159.193767
4160.193800
4161.193800
4162.193800
4163.193800
4164.193800
4165.193800
4166.193800
4167.193800
4168.193800
4169.193800
4170.193800
4171.193800
4172.193800
4173.193800
4174.193800
4175.193800
4176.193800
4177.193800
4178.193800
4179.193800
4180.193800
4181.193800
4182.193800
4183.193800
4184.193800
4185.193800
4186.193800
4187.193800
4188.193800
4189.193800
4190.193800
4191.193800
4192.193800
